%[y x1 x2]
  A=[92.12811753495609 8135 1;
   52.372581043370793 1629 1;
   49.320215545456612 2824 1;
   195.82116711759434 9780 0;
   100.80193659982224 8856 1;
   113.71113387918105 10387 1;
   54.587980520593121 4002 1;
   216.13369216830267 9572 0;
   122.33448745905834 9177 1;
   198.17621607581896 9304 0;
   71.067735543226377 5354 1;
   129.52240191677302 6405 0;
   121.49993662088163 10135 1;
   144.08134536999512 6977 0;
   32.119065165757 1068 1;
   93.511984578003009 3723 0;
   63.583074181200146 2374 0;
   97.6261727455732 8086 1;
   47.583103616512247 1415 0;
   90.036272256417249 5367 1;
   183.36046674761221 7803 0;
   100.41539984998558 6517 1;
   54.847602872506812 2779 1;
   56.374196858062454 1855 0;
   47.770960250407285 2867 1;
   64.211107915749068 4687 1;
   121.97824778980936 10310 1;
   88.592364609991748 7966 1;
   47.17971290231803 2663 1;
   90.611225724112714 8735 1;
   76.3973729599586 5132 1;
   168.70097729078248 8086 0;
   88.816188289405659 4321 0;
   75.797597102062014 6510 1;
   223.0378574579876 10964 0;
   157.12805990787081 7671 0;
   202.06255075414697 9889 0;
   113.41940077958014 4582 0;
   120.73800292419928 5340 0;
   79.198725340944179 8330 1;
   132.9931132644225 10945 1;
   74.088756509257379 5766 1;
   66.484975397869846 4315 1;
   142.64882141763508 7053 0;
   97.005863387471734 8731 1;
   75.214063406839642 4856 1;
   36.092260757293921 3038 1;
   116.73429818522619 4866 0;
   67.629764068451223 1650 0;
   114.02922486622516 5323 0];

y=A(:,1);
x1=A(:,2);
x2=A(:,3);